Minimize : 
8.0(62, 0) + 8.0(62, 1) + 8.0(62, -1) + 12.0(63, 0) + 12.0(63, 1) + 12.0(63, -1) + 20.0(64, 0) + 20.0(64, 1) + 20.0(64, -1)

s.t.
(1, 0) + (1, 1) + (1, -1) = 0
(2, 1) + (2, -1) - 0.6 (1, 0) - 0.6 (61, 0) - 0.6 (62, 0) - 0.6 (63, 0) - 0.6 (64, 0) = 0
(3, 0) + (3, 1) + (3, -1) - 0.4 (1, 0) - 0.4 (61, 0) - 0.4 (62, 0) - 0.4 (63, 0) - 0.4 (64, 0) = 0
(4, 0) + (4, -1) - 0.5 (1, 1) - 0.5 (61, 1) - 0.5 (62, 1) - 0.5 (63, 1) - 0.5 (64, 1) = 0
(5, 0) + (5, 1) + (5, -1) - 0.5 (1, 1) - 0.5 (61, 1) - 0.5 (62, 1) - 0.5 (63, 1) - 0.5 (64, 1) = 0
(6, 0) + (6, 1) + (6, -1) - 1.0 (1, -1) - 1.0 (61, -1) - 1.0 (62, -1) - 1.0 (63, -1) - 1.0 (64, -1) = 0
(7, -1) - 0.5 (2, 1) - 0.6 (4, 0) = 0
(8, 1) + (8, -1) - 0.5 (2, 1) - 0.6 (5, 0) = 0
(9, 1) + (9, -1) - 1.0 (2, -1) - 1.0 (3, 0) - 0.6 (6, 0) = 0
(10, 0) + (10, -1) - 0.5 (3, 1) - 0.4 (4, 0) = 0
(11, 0) + (11, 1) + (11, -1) - 0.5 (3, 1) - 0.4 (5, 0) = 0
(12, 0) + (12, 1) + (12, -1) - 1.0 (3, -1) - 0.4 (6, 0) = 0
(13, 0) + (13, -1) - 1.0 (4, -1) - 1.0 (5, 1) - 0.5 (6, 1) = 0
(14, 0) + (14, 1) + (14, -1) - 1.0 (5, -1) - 0.5 (6, 1) = 0
(15, 0) + (15, 1) + (15, -1) - 1.0 (6, -1) = 0
(16, -1) - 1.0 (7, -1) - 1.0 (8, 1) - 0.5 (9, 1) - 1.0 (10, 0) - 0.6 (13, 0) = 0
(17, 1) + (17, -1) - 1.0 (8, -1) - 0.5 (9, 1) - 1.0 (11, 0) - 0.6 (14, 0) = 0
(18, 1) + (18, -1) - 1.0 (9, -1) - 1.0 (12, 0) - 0.6 (15, 0) = 0
(19, 0) + (19, -1) - 1.0 (10, -1) - 1.0 (11, 1) - 0.5 (12, 1) - 0.4 (13, 0) = 0
(20, 0) + (20, 1) + (20, -1) - 1.0 (11, -1) - 0.5 (12, 1) - 0.4 (14, 0) = 0
(21, 0) + (21, 1) + (21, -1) - 1.0 (12, -1) - 0.4 (15, 0) = 0
(22, 0) + (22, -1) - 1.0 (13, -1) - 1.0 (14, 1) - 0.5 (15, 1) = 0
(23, 0) + (23, 1) + (23, -1) - 1.0 (14, -1) - 0.5 (15, 1) = 0
(24, 0) + (24, 1) + (24, -1) - 1.0 (15, -1) = 0
(25, -1) - 1.0 (16, -1) - 1.0 (17, 1) - 0.5 (18, 1) - 1.0 (19, 0) - 0.6 (22, 0) = 0
(26, 1) + (26, -1) - 1.0 (17, -1) - 0.5 (18, 1) - 1.0 (20, 0) - 0.6 (23, 0) = 0
(27, 1) + (27, -1) - 1.0 (18, -1) - 1.0 (21, 0) - 0.6 (24, 0) = 0
(28, 0) + (28, -1) - 1.0 (19, -1) - 1.0 (20, 1) - 0.5 (21, 1) - 0.4 (22, 0) = 0
(29, 0) + (29, 1) + (29, -1) - 1.0 (20, -1) - 0.5 (21, 1) - 0.4 (23, 0) = 0
(30, 0) + (30, 1) + (30, -1) - 1.0 (21, -1) - 0.4 (24, 0) = 0
(31, 0) + (31, -1) - 1.0 (22, -1) - 1.0 (23, 1) - 0.5 (24, 1) = 0
(32, 0) + (32, 1) + (32, -1) - 1.0 (23, -1) - 0.5 (24, 1) = 0
(33, 0) + (33, 1) + (33, -1) - 1.0 (24, -1) = 0
(34, -1) - 1.0 (25, -1) - 1.0 (26, 1) - 0.5 (27, 1) - 1.0 (28, 0) - 0.6 (31, 0) = 0
(35, 1) + (35, -1) - 1.0 (26, -1) - 0.5 (27, 1) - 1.0 (29, 0) - 0.6 (32, 0) = 0
(36, 1) + (36, -1) - 1.0 (27, -1) - 1.0 (30, 0) - 0.6 (33, 0) = 0
(37, -1) - 1.0 (28, -1) - 1.0 (29, 1) - 0.5 (30, 1) - 0.4 (31, 0) = 0
(38, 1) + (38, -1) - 1.0 (29, -1) - 0.5 (30, 1) - 0.4 (32, 0) = 0
(39, 1) + (39, -1) - 1.0 (30, -1) - 0.4 (33, 0) = 0
(40, -1) - 1.0 (31, -1) - 1.0 (32, 1) - 0.5 (33, 1) = 0
(41, 1) + (41, -1) - 1.0 (32, -1) - 0.5 (33, 1) = 0
(42, 1) + (42, -1) - 1.0 (33, -1) = 0
(43, -1) - 1.0 (34, -1) - 1.0 (35, 1) - 0.5 (36, 1) = 0
(44, 1) + (44, -1) - 1.0 (35, -1) - 0.5 (36, 1) = 0
(45, 1) + (45, -1) - 1.0 (36, -1) = 0
(46, -1) - 1.0 (37, -1) - 1.0 (38, 1) - 0.5 (39, 1) = 0
(47, 1) + (47, -1) - 1.0 (38, -1) - 0.5 (39, 1) = 0
(48, 1) + (48, -1) - 1.0 (39, -1) = 0
(49, -1) - 1.0 (40, -1) - 1.0 (41, 1) - 0.5 (42, 1) = 0
(50, 1) + (50, -1) - 1.0 (41, -1) - 0.5 (42, 1) = 0
(51, 1) + (51, -1) - 1.0 (42, -1) = 0
(52, -1) - 1.0 (43, -1) - 1.0 (44, 1) - 0.5 (45, 1) = 0
(53, -1) - 1.0 (44, -1) - 0.5 (45, 1) = 0
(54, -1) - 1.0 (45, -1) = 0
(55, -1) - 1.0 (46, -1) - 1.0 (47, 1) - 0.5 (48, 1) = 0
(56, -1) - 1.0 (47, -1) - 0.5 (48, 1) = 0
(57, -1) - 1.0 (48, -1) = 0
(58, -1) - 1.0 (49, -1) - 1.0 (50, 1) - 0.5 (51, 1) = 0
(59, -1) - 1.0 (50, -1) - 0.5 (51, 1) = 0
(60, -1) - 1.0 (51, -1) = 0
(61, 0) + (61, 1) + (61, -1) - 1.0 (52, -1) = 0
(62, 0) + (62, 1) + (62, -1) - 1.0 (53, -1) - 1.0 (54, -1) = 0
(63, 0) + (63, 1) + (63, -1) - 1.0 (55, -1) - 1.0 (58, -1) = 0
(64, 0) + (64, 1) + (64, -1) - 1.0 (56, -1) - 1.0 (57, -1) - 1.0 (59, -1) - 1.0 (60, -1) = 0

[(1, 0)] + [(1, 0)] + [(1, 1)] + [(1, 1)] + [(1, -1)] + [(2, 1)] + [(2, 1)] + [(2, -1)] + [(3, 0)] + [(3, 1)] + [(3, 1)] + [(3, -1)] + [(4, 0)] + [(4, 0)] + [(4, -1)] + [(5, 0)] + [(5, 0)] + [(5, 1)] + [(5, -1)] + [(6, 0)] + [(6, 0)] + [(6, 1)] + [(6, 1)] + [(6, -1)] + [(7, -1)] + [(8, 1)] + [(8, -1)] + [(9, 1)] + [(9, 1)] + [(9, -1)] + [(10, 0)] + [(10, -1)] + [(11, 0)] + [(11, 1)] + [(11, -1)] + [(12, 0)] + [(12, 1)] + [(12, 1)] + [(12, -1)] + [(13, 0)] + [(13, 0)] + [(13, -1)] + [(14, 0)] + [(14, 0)] + [(14, 1)] + [(14, -1)] + [(15, 0)] + [(15, 0)] + [(15, 1)] + [(15, 1)] + [(15, -1)] + [(16, -1)] + [(17, 1)] + [(17, -1)] + [(18, 1)] + [(18, 1)] + [(18, -1)] + [(19, 0)] + [(19, -1)] + [(20, 0)] + [(20, 1)] + [(20, -1)] + [(21, 0)] + [(21, 1)] + [(21, 1)] + [(21, -1)] + [(22, 0)] + [(22, 0)] + [(22, -1)] + [(23, 0)] + [(23, 0)] + [(23, 1)] + [(23, -1)] + [(24, 0)] + [(24, 0)] + [(24, 1)] + [(24, 1)] + [(24, -1)] + [(25, -1)] + [(26, 1)] + [(26, -1)] + [(27, 1)] + [(27, 1)] + [(27, -1)] + [(28, 0)] + [(28, -1)] + [(29, 0)] + [(29, 1)] + [(29, -1)] + [(30, 0)] + [(30, 1)] + [(30, 1)] + [(30, -1)] + [(31, 0)] + [(31, 0)] + [(31, -1)] + [(32, 0)] + [(32, 0)] + [(32, 1)] + [(32, -1)] + [(33, 0)] + [(33, 0)] + [(33, 1)] + [(33, 1)] + [(33, -1)] + [(34, -1)] + [(35, 1)] + [(35, -1)] + [(36, 1)] + [(36, 1)] + [(36, -1)] + [(37, -1)] + [(38, 1)] + [(38, -1)] + [(39, 1)] + [(39, 1)] + [(39, -1)] + [(40, -1)] + [(41, 1)] + [(41, -1)] + [(42, 1)] + [(42, 1)] + [(42, -1)] + [(43, -1)] + [(44, 1)] + [(44, -1)] + [(45, 1)] + [(45, 1)] + [(45, -1)] + [(46, -1)] + [(47, 1)] + [(47, -1)] + [(48, 1)] + [(48, 1)] + [(48, -1)] + [(49, -1)] + [(50, 1)] + [(50, -1)] + [(51, 1)] + [(51, 1)] + [(51, -1)] + [(52, -1)] + [(53, -1)] + [(54, -1)] + [(55, -1)] + [(56, -1)] + [(57, -1)] + [(58, -1)] + [(59, -1)] + [(60, -1)] + [(61, 0)] + [(61, 0)] + [(61, 1)] + [(61, 1)] + [(61, -1)] + [(62, 0)] + [(62, 0)] + [(62, 1)] + [(62, 1)] + [(62, -1)] + [(63, 0)] + [(63, 0)] + [(63, 1)] + [(63, 1)] + [(63, -1)] + [(64, 0)] + [(64, 0)] + [(64, 1)] + [(64, 1)] + [(64, -1)] = 1